39.2
39.2
39.7
38.6
38.6
38.6
38.6
38.6
38.6
39.2
39.2
39.7
38.6
38.6
38.6
55.8
56.9
56.4
56.9
56.9
56.9
56.9
56.9
56.9
56.4
56.4
56.9
55.8
55.8
56.4
56.9
56.4
56.4
56.9
56.9
56.9
56.9
56.9
56.4
56.9
56.9
55.8
56.4
56.4
56.4
56.9
56.9
56.9
56.9
56.9
56.9
56.9
56.9
56.9
56.4
56.4
56.4
55.8
55.8
55.8
55.8
55.3
55.8
54.8
55.8
55.8
55.3
55.3
55.8
55.3
54.8
55.8
55.8
55.8
55.3
55.3
55.3
54.8
55.8
55.3
54.8
54.8
54.8
54.8
54.8
55.8
54.8
54.8
55.3
55.8
55.3
56.4
55.8
55.8
54.8
55.8
51.5
50.5
49.4
42.9
42.9
